%YAML:1.0
---
aruco_bc_dict: ARUCO
aruco_bc_nmarkers: 4
aruco_bc_mInfoType: 0
aruco_bc_markers:
   - { id:631, corners:[ [ -200., 0., 0. ], [ 0., 0., 0. ], [ 0., -200.,
       0. ], [ -200., -200., 0. ] ] }
   - { id:30, corners:[ [ 40., 0., 0. ], [ 240., 0., 0. ], [ 240., -200.,
       0. ], [ 40., -200., 0. ] ] }
   - { id:555, corners:[ [ -200., 240., 0. ], [ 0., 240., 0. ], [ 0.,
       40., 0. ], [ -200., 40., 0. ] ] }
   - { id:629, corners:[ [ 40., 240., 0. ], [ 240., 240., 0. ], [ 240.,
       40., 0. ], [ 40., 40., 0. ] ] }
