%YAML:1.0
---
image_width: 640
image_height: 480
camera_matrix: !!opencv-matrix
   rows: 3
   cols: 3
   dt: d
   data: [ 5.0449197993434080e+02, 0., 2.9208851172931418e+02, 0.,
       5.0111190165100254e+02, 2.3139357075991515e+02, 0., 0., 1. ]
distortion_coefficients: !!opencv-matrix
   rows: 1
   cols: 5
   dt: d
   data: [ 8.8810492581129510e-02, -4.6912729634446243e-01,
       -4.1213767251084632e-03, -9.6546973043768417e-03,
       5.5717263562888553e-01 ]
